place(11.038, 1.000, 12.146, "Crook Boss", 900)
upgrade(11.038, 2.350, 12.146, 450)
upgrade(11.038, 2.350, 12.146, 1350)
place(3.245, 1.000, -5.959, "Trapper", 750)
upgrade(3.245, 2.350, -5.959, 750)
place(-3.322, 1.000, -6.365, "Trapper", 750)
upgrade(-3.322, 2.350, -6.365, 750)
place(7.809, 1.000, 11.950, "Crook Boss", 900)
upgrade(7.809, 2.350, 11.950, 450)
upgrade(7.809, 2.350, 11.950, 1350)
place(3.234, 1.000, -2.793, "Electroshocker", 1088)
upgrade(3.234, 2.350, -2.793, 450)
place(10.575, 1.000, 15.603, "Crook Boss", 900)
upgrade(10.575, 2.350, 15.603, 450)
place(14.202, 1.000, 10.302, "Crook Boss", 900)
upgrade(14.202, 2.350, 10.302, 450)
upgrade(14.202, 2.350, 10.302, 1350)
upgrade(10.575, 2.350, 15.603, 1350)
upgrade(11.038, 2.350, 12.146, 6375)
upgrade(-3.322, 2.350, -6.365, 2250)
upgrade(3.245, 2.350, -5.959, 2250)
upgrade(7.809, 2.350, 11.950, 6375)
upgrade(10.575, 2.350, 15.603, 6375)
