place(-2.583, 0.500, 2.783, "Shotgunner", 500)
upgrade(-2.583, 1.850, 2.783, 200)
place(2.823, 0.500, 2.959, "Shotgunner", 340)
upgrade(2.823, 1.850, 2.959, 547)
place(-2.732, 0.500, 4.842, "Shotgunner", 1122)
upgrade(-2.732, 1.850, 4.842, 842)
upgrade(-2.732, 1.850, 4.842, 707)
place(2.754, 0.500, 5.046, "Shotgunner", 753)
upgrade(2.754, 1.850, 5.046, 1330)
upgrade(2.754, 1.850, 5.046, 1180)
place(-4.627, 0.500, 2.588, "Shotgunner", 230)
place(-4.695, 0.500, 2.658, "Shotgunner", 314)
upgrade(-2.732, 1.850, 4.842, 1140)
upgrade(-2.732, 1.850, 4.842, 190)
upgrade(-4.695, 1.850, 2.658, 190)
place(4.879, 0.500, 2.730, "Shotgunner", 1453)
upgrade(4.879, 1.850, 2.730, 1153)
upgrade(4.879, 1.850, 2.730, 1003)
place(-4.829, 0.500, 4.934, "Shotgunner", 1798)
upgrade(-4.829, 1.850, 4.934, 1365)
upgrade(-4.829, 1.850, 4.934, 1348)
place(4.945, 0.500, 4.866, "Shotgunner", 418)
upgrade(4.945, 1.850, 4.866, 168)
upgrade(4.945, 1.850, 4.866, 18)
upgrade(4.945, 1.850, 4.866, 34)
upgrade(2.823, 1.850, 2.959, 1796)
upgrade(-2.583, 1.850, 2.783, 1136)
upgrade(-4.695, 1.850, 2.658, 2335)
upgrade(4.945, 1.850, 4.866, 436)
place(-2.633, 0.500, 6.879, "Shotgunner", 661)
upgrade(-2.633, 1.850, 6.879, 2453)
upgrade(-2.633, 1.850, 6.879, 2303)
place(2.649, 0.500, 7.230, "Shotgunner", 1553)
upgrade(2.649, 1.850, 7.230, 1353)
upgrade(2.649, 1.850, 7.230, 1303)
place(4.663, 0.500, 6.896, "Shotgunner", 752)
upgrade(4.663, 1.850, 6.896, 2353)
upgrade(4.663, 1.850, 6.896, 2798)
place(-4.831, 0.500, 7.087, "Shotgunner", 1848)
upgrade(-4.831, 1.850, 7.087, 1548)
upgrade(-4.831, 1.850, 7.087, 465)
place(-6.910, 0.500, 7.405, "Shotgunner", 888)
upgrade(-6.910, 1.850, 7.405, 821)
upgrade(-6.910, 1.850, 7.405, 672)
place(6.726, 0.500, 7.422, "Shotgunner", 841)
upgrade(6.726, 1.850, 7.422, 2591)
upgrade(6.726, 1.850, 7.422, 3088)
upgrade(-6.910, 1.850, 7.405, 2138)
place(-6.913, 0.500, 5.247, "Shotgunner", 1488)
upgrade(-6.913, 1.850, 5.247, 1513)
upgrade(-6.913, 1.850, 5.247, 1388)
place(-6.789, 0.500, 3.073, "Shotgunner", 538)
upgrade(-6.789, 1.850, 3.073, 498)
upgrade(-6.789, 1.850, 3.073, 2867)
place(6.995, 0.500, 5.049, "Shotgunner", 2617)
upgrade(6.995, 1.850, 5.049, 2467)
upgrade(6.995, 1.850, 5.049, 2367)
place(7.027, 0.500, 2.890, "Shotgunner", 1467)
upgrade(7.027, 1.850, 2.890, 1298)
upgrade(7.027, 1.850, 2.890, 368)
place(-2.662, 0.500, -2.518, "Trapper", 857)
upgrade(-2.662, 1.850, -2.518, 1371)
upgrade(-2.662, 1.850, -2.518, 3868)
place(2.909, 0.500, -2.730, "Trapper", 2373)
upgrade(2.909, 1.850, -2.730, 1424)
upgrade(2.909, 1.850, -2.730, 1423)
upgrade(2.909, 1.850, -2.730, 1523)
place(-2.661, 0.500, -5.593, "Trapper", 2616)
upgrade(-2.661, 1.850, -5.593, 5221)
upgrade(-2.661, 1.850, -5.593, 4721)
upgrade(-2.661, 1.850, -5.593, 3226)
place(2.850, 0.500, -5.830, "Trapper", 3221)
upgrade(2.850, 1.850, -5.830, 2253)
upgrade(2.850, 1.850, -5.830, 2251)
upgrade(2.850, 1.850, -5.830, 751)
upgrade(2.850, 1.850, -5.830, 751)
upgrade(2.850, 1.850, -5.830, 751)
upgrade(-2.633, 1.850, 6.879, 4044)
upgrade(2.649, 1.850, 7.230, 4024)
upgrade(2.754, 1.850, 5.046, 2547)
upgrade(-2.732, 1.850, 4.842, 3787)
upgrade(2.909, 1.850, -2.730, 5087)
upgrade(-2.583, 1.850, 2.783, 5158)
upgrade(-4.831, 1.850, 7.087, 1030)
upgrade(-4.829, 1.850, 4.934, 5004)
upgrade(-4.695, 1.850, 2.658, 3404)
upgrade(2.823, 1.850, 2.959, 4606)
upgrade(4.879, 1.850, 2.730, 5999)
upgrade(4.945, 1.850, 4.866, 4513)
upgrade(4.663, 1.850, 6.896, 566)
upgrade(6.726, 1.850, 7.422, 9379)
upgrade(6.995, 1.850, 5.049, 10279)
upgrade(7.027, 1.850, 2.890, 8213)
upgrade(-6.789, 1.850, 3.073, 10111)
upgrade(-6.913, 1.850, 5.247, 8944)
upgrade(-6.910, 1.850, 7.405, 6545)
upgrade(2.649, 1.850, 7.230, 9059)
upgrade(-2.662, 1.850, -2.518, 5359)
upgrade(-2.633, 1.850, 6.879, 10142)
upgrade(2.909, 1.850, -2.730, 18147)
upgrade(-2.662, 1.850, -2.518, 556)
upgrade(-2.662, 1.850, -2.518, 689)
upgrade(2.850, 1.850, -5.830, 5514)
upgrade(-2.661, 1.850, -5.593, 6961)
upgrade(-2.732, 1.850, 4.842, 15738)
upgrade(2.754, 1.850, 5.046, 10338)
upgrade(2.823, 1.850, 2.959, 13136)
upgrade(-2.583, 1.850, 2.783, 5961)
upgrade(-2.661, 1.850, -5.593, 30419)
upgrade(2.850, 1.850, -5.830, 17916)
place(6.132, 0.500, -2.694, "Trapper", 4416)
upgrade(6.132, 1.850, -2.694, 3916)
upgrade(6.132, 1.850, -2.694, 3416)
upgrade(6.132, 1.850, -2.694, 1983)
upgrade(6.132, 1.850, -2.694, 1918)
upgrade(6.132, 1.850, -2.694, 1916)
upgrade(6.132, 1.850, -2.694, 1916)
place(-5.653, 0.500, -2.864, "Trapper", 11948)
upgrade(-5.653, 1.850, -2.864, 11448)
upgrade(-5.653, 1.850, -2.864, 10948)
upgrade(-5.653, 1.850, -2.864, 4482)
upgrade(-5.653, 1.850, -2.864, 4448)
upgrade(-5.653, 1.850, -2.864, 4448)
upgrade(6.132, 1.850, -2.694, 10823)
upgrade(-4.831, 1.850, 7.087, 9313)
upgrade(-4.829, 1.850, 4.934, 9981)
upgrade(-4.695, 1.850, 2.658, 1081)
upgrade(4.663, 1.850, 6.896, 8464)
upgrade(4.945, 1.850, 4.866, 11449)
upgrade(4.879, 1.850, 2.730, 7224)
upgrade(4.879, 1.850, 2.730, 899)
upgrade(6.726, 1.850, 7.422, 9999)
upgrade(6.995, 1.850, 5.049, 38498)
upgrade(7.027, 1.850, 2.890, 31998)
upgrade(-5.653, 1.850, -2.864, 26748)
upgrade(6.132, 1.850, -2.694, 14498)
place(6.075, 0.500, -5.805, "Trapper", 6938)
upgrade(6.075, 1.850, -5.805, 13785)
upgrade(6.075, 1.850, -5.805, 11785)
upgrade(6.075, 1.850, -5.805, 6785)
upgrade(6.075, 1.850, -5.805, 8435)
upgrade(6.075, 1.850, -5.805, 8535)
upgrade(6.075, 1.850, -5.805, 8910)
upgrade(6.075, 1.850, -5.805, 8910)
upgrade(6.075, 1.850, -5.805, 9285)
upgrade(6.075, 1.850, -5.805, 9285)
place(-5.706, 0.500, -5.943, "Trapper", 17759)
place(-6.108, 0.500, -6.133, "Harvester", 31892)
upgrade(-6.108, 2.350, -6.133, 36142)
upgrade(-6.108, 2.350, -6.133, 35492)
upgrade(-6.108, 2.350, -6.133, 18943)
upgrade(-6.108, 2.350, -6.133, 18942)
upgrade(-6.108, 2.350, -6.133, 18942)
upgrade(-6.108, 2.350, -6.133, 18942)
upgrade(-6.108, 2.350, -6.133, 18942)
upgrade(-6.108, 2.350, -6.133, 18942)
upgrade(-6.108, 2.350, -6.133, 20942)
upgrade(-6.108, 2.350, -6.133, 20942)
upgrade(-6.108, 2.350, -6.133, 20942)
upgrade(-6.108, 2.350, -6.133, 20942)
upgrade(-6.108, 2.350, -6.133, 20942)
upgrade(-6.108, 2.350, -6.133, 20942)
upgrade(-6.108, 2.350, -6.133, 20942)
upgrade(-6.108, 2.350, -6.133, 20942)
upgrade(-6.108, 2.350, -6.133, 20942)
upgrade(-6.108, 2.350, -6.133, 20942)